--------------------------------------------------
|  Nodo   |     x      |      y     |    err     |
--------------------------------------------------
|     1   |  2.000e+00 |  1.000e+00 |  0.000e+00 |
--------------------------------------------------
|     2   |  2.100e+00 |  1.191e+00 |  2.772e-07 |
--------------------------------------------------
|     3   |  2.200e+00 |  1.367e+00 |  3.955e-07 |
--------------------------------------------------
|     4   |  2.300e+00 |  1.531e+00 |  4.365e-07 |
--------------------------------------------------
|     5   |  2.400e+00 |  1.686e+00 |  4.396e-07 |
--------------------------------------------------
|     6   |  2.500e+00 |  1.833e+00 |  4.244e-07 |
--------------------------------------------------
|     7   |  2.600e+00 |  1.975e+00 |  4.009e-07 |
--------------------------------------------------
|     8   |  2.700e+00 |  2.112e+00 |  3.745e-07 |
--------------------------------------------------
|     9   |  2.800e+00 |  2.244e+00 |  3.476e-07 |
--------------------------------------------------
|    10   |  2.900e+00 |  2.374e+00 |  3.218e-07 |
--------------------------------------------------
|    11   |  3.000e+00 |  2.500e+00 |  2.976e-07 |
--------------------------------------------------
